Desired frequencies for freq 
Hz_freq = 
465	490	515	540	565	590	615	640	665	690	715	740	765	790	815	840	865	890	915	940	965	990	1015	1040	1065	1090	1115	1140	1165	1190	1215	1240	1265	1290	1315	1340	1365	1390	1415	1440


Values for toggle clk_freq
div_freq = 
1075
1020
971
926
885
847
813
781
752
725
699
676
654
633
613
595
578
562
546
532
518
505
493
481
469
459
448
439
429
420
412
403
395
388
380
373
366
360
353
347


Desired frequencies for beat
Hz_beat =
0,500000000000000
0,633333333333333
0,766666666666667
0,900000000000000
1,03333333333333
1,16666666666667
1,30000000000000
1,43333333333333
1,56666666666667
1,70000000000000
1,83333333333333
2
2,16666666666667
2,33333333333333
2,53333333333333
2,76666666666667
3
3,25000000000000
3,51666666666667
3,83333333333333
4,20000000000000
4,58333333333333
5
5,50000000000000
6,16666666666667
6,83333333333333
7,66666666666667
8,66666666666667
9,83333333333333
11


Values for toggle clk_beat
div_beat =
1000000
789474
652174
555556
483871
428571
384615
348837
319149
294118
272727
250000
230769
214286
197368
180723
166667
153846
142180
130435
119048
109091
100000
90909
81081
73171
65217
57692
50847
45455


